UNITS=MM
#Layer_Color=32768
#
#Feature symbol names
#
$0 r49.9999
$1 r99.9998

#
#Feature attribute names
#

#
#Layer features
#
L 5.92699856 7.1820024 5.92699856 9.58200268 1 P 0
L 5.92699856 7.1820024 7.0269989 7.1820024 1 P 0
L 5.92699856 9.58200268 7.0269989 9.58200268 1 P 0
L 6.00199714 8.38200254 6.95199778 8.38200254 1 P 0
L 6.47699746 7.90700222 6.47699746 8.85700032 1 P 0
L 7.0269989 7.1820024 7.0269989 9.58200268 1 P 0
L 9.16979878 38.72419992 9.16979878 43.72420008 0 P 0
L 9.16979878 38.72419992 15.56980122 38.72419992 0 P 0
L 9.16979878 43.72420008 15.56980122 43.72420008 0 P 0
L 9.22999932 26.46480102 9.22999932 31.46480118 0 P 0
L 9.22999932 26.46480102 15.63000176 26.46480102 0 P 0
L 9.22999932 31.46480118 15.63000176 31.46480118 0 P 0
L 9.29679878 14.84819992 9.29679878 19.84820008 0 P 0
L 9.29679878 14.84819992 15.69680122 14.84819992 0 P 0
L 9.29679878 19.84820008 15.69680122 19.84820008 0 P 0
L 13.20899822 4.95199924 13.20899822 9.00199876 0 P 0
L 13.20899822 4.95199924 17.50899978 4.95199924 0 P 0
L 13.20899822 9.00199876 17.50899978 9.00199876 0 P 0
L 13.63799914 50.06600096 13.63799914 53.56599904 0 P 0
L 13.63799914 50.06600096 17.85800086 50.06600096 0 P 0
L 13.63799914 53.56599904 17.85800086 53.56599904 0 P 0
L 14.50000148 9.55940176 14.50000148 10.05940076 1 P 0
L 14.50000148 9.55940176 15.90000122 9.55940176 1 P 0
L 14.50000148 10.05940076 15.90000122 10.05940076 1 P 0
L 15.0250017 9.80940126 15.375001 9.80940126 1 P 0
L 15.20000262 9.63440034 15.20000262 9.98440218 1 P 0
L 15.56980122 38.72419992 15.56980122 43.72420008 0 P 0
L 15.63000176 26.46480102 15.63000176 31.46480118 0 P 0
L 15.69680122 14.84819992 15.69680122 19.84820008 0 P 0
L 15.90000122 9.55940176 15.90000122 10.05940076 1 P 0
L 17.4944024 55.7364011 17.4944024 56.83640144 1 P 0
L 17.4944024 55.7364011 19.89440268 55.7364011 1 P 0
L 17.4944024 56.83640144 19.89440268 56.83640144 1 P 0
L 17.50899978 4.95199924 17.50899978 9.00199876 0 P 0
L 17.85800086 50.06600096 17.85800086 53.56599904 0 P 0
L 18.21940222 56.28640254 19.16940032 56.28640254 1 P 0
L 18.69440254 55.81140222 18.69440254 56.76140286 1 P 0
L 19.89440268 55.7364011 19.89440268 56.83640144 1 P 0
L 23.26620188 7.22580216 23.26620188 9.62580244 1 P 0
L 23.26620188 7.22580216 24.36620222 7.22580216 1 P 0
L 23.26620188 9.62580244 24.36620222 9.62580244 1 P 0
L 23.26620442 10.26180066 23.26620442 12.66180094 1 P 0
L 23.26620442 10.26180066 24.36620476 10.26180066 1 P 0
L 23.26620442 12.66180094 24.36620476 12.66180094 1 P 0
L 23.34120046 8.4258023 24.2912011 8.4258023 1 P 0
L 23.341203 11.4618008 24.29120364 11.4618008 1 P 0
L 23.81620078 7.95080198 23.81620078 8.90080008 1 P 0
L 23.81620332 10.98680048 23.81620332 11.93679858 1 P 0
L 24.36620222 7.22580216 24.36620222 9.62580244 1 P 0
L 24.36620476 10.26180066 24.36620476 12.66180094 1 P 0
L 27.76939836 45.3986011 27.76939836 46.49860144 1 P 0
L 27.76939836 45.3986011 30.16939864 45.3986011 1 P 0
L 27.76939836 46.49860144 30.16939864 46.49860144 1 P 0
L 27.7948009 43.62059856 27.7948009 44.7205989 1 P 0
L 27.7948009 43.62059856 30.19480118 43.62059856 1 P 0
L 27.7948009 44.7205989 30.19480118 44.7205989 1 P 0
L 28.49440072 45.9486 29.44439882 45.9486 1 P 0
L 28.51980072 44.1706 29.46979882 44.1706 1 P 0
L 28.67699878 -0.21400008 28.67699878 4.78600008 0 P 0
L 28.67699878 -0.21400008 35.07700122 -0.21400008 0 P 0
L 28.67699878 4.78600008 35.07700122 4.78600008 0 P 0
L 28.9693985 45.47359968 28.9693985 46.42360032 1 P 0
L 28.99480104 43.69559968 28.99480104 44.64560032 1 P 0
L 30.16939864 45.3986011 30.16939864 46.49860144 1 P 0
L 30.19480118 43.62059856 30.19480118 44.7205989 1 P 0
L 31.893002 13.47799946 31.893002 19.9780017 0 P 0
L 31.893002 13.47799946 40.39300024 13.47799946 0 P 0
L 31.893002 19.9780017 40.39300024 19.9780017 0 P 0
L 33.30619958 37.95899952 33.30619958 57.45900116 0 P 0
L 33.30619958 37.95899952 52.80620122 37.95899952 0 P 0
L 33.30619958 57.45900116 33.80620112 57.45900116 0 P 0
L 33.80620112 57.45900116 33.80620112 64.45899986 0 P 0
L 33.80620112 64.45899986 52.30619968 64.45899986 0 P 0
L 35.07700122 -0.21400008 35.07700122 4.78600008 0 P 0
L 40.39300024 13.47799946 40.39300024 19.9780017 0 P 0
L 41.0685996 -0.31719774 41.0685996 5.68280042 0 P 0
L 41.0685996 -0.31719774 50.96860012 -0.31719774 0 P 0
L 41.0685996 5.68280042 50.96860012 5.68280042 0 P 0
L 49.6000024 19.0080011 49.6000024 20.10800144 1 P 0
L 49.6000024 19.0080011 52.00000268 19.0080011 1 P 0
L 49.6000024 20.10800144 52.00000268 20.10800144 1 P 0
L 50.32500222 19.55800254 51.27500032 19.55800254 1 P 0
L 50.80000254 19.08300222 50.80000254 20.03300286 1 P 0
L 50.96860012 -0.31719774 50.96860012 5.68280042 0 P 0
L 51.0882011 15.18299732 51.0882011 17.5829976 1 P 0
L 51.0882011 15.18299732 52.18820144 15.18299732 1 P 0
L 51.0882011 17.5829976 52.18820144 17.5829976 1 P 0
L 51.16320222 16.38299746 52.11320286 16.38299746 1 P 0
L 51.63820254 15.90799968 51.63820254 16.85799778 1 P 0
L 52.00000268 19.0080011 52.00000268 20.10800144 1 P 0
L 52.18820144 15.18299732 52.18820144 17.5829976 1 P 0
L 52.30619968 57.45900116 52.30619968 64.45899986 0 P 0
L 52.30619968 57.45900116 52.80620122 57.45900116 0 P 0
L 52.63759856 15.0814024 52.63759856 17.48140268 1 P 0
L 52.63759856 15.0814024 53.7375989 15.0814024 1 P 0
L 52.63759856 17.48140268 53.7375989 17.48140268 1 P 0
L 52.71259714 16.28140254 53.66259778 16.28140254 1 P 0
L 52.80620122 37.95899952 52.80620122 57.45900116 0 P 0
L 53.18759746 15.80640222 53.18759746 16.75640032 1 P 0
L 53.7375989 15.0814024 53.7375989 17.48140268 1 P 0
L 54.4006024 18.4746011 54.4006024 19.57460144 1 P 0
L 54.4006024 18.4746011 56.80060268 18.4746011 1 P 0
L 54.4006024 19.57460144 56.80060268 19.57460144 1 P 0
L 55.032402 30.6949983 55.032402 37.19500054 0 P 0
L 55.032402 30.6949983 63.53240024 30.6949983 0 P 0
L 55.032402 37.19500054 63.53240024 37.19500054 0 P 0
L 55.12560222 19.02460254 56.07560032 19.02460254 1 P 0
L 55.60060254 18.54960222 55.60060254 19.49960286 1 P 0
L 55.98739882 49.71759932 55.98739882 56.11760176 0 P 0
L 55.98739882 49.71759932 60.98739898 49.71759932 0 P 0
L 55.98739882 56.11760176 60.98739898 56.11760176 0 P 0
L 56.80060268 18.4746011 56.80060268 19.57460144 1 P 0
L 57.2454024 18.5254011 57.2454024 19.62540144 1 P 0
L 57.2454024 18.5254011 59.64540268 18.5254011 1 P 0
L 57.2454024 19.62540144 59.64540268 19.62540144 1 P 0
L 57.97040222 19.07540254 58.92040032 19.07540254 1 P 0
L 58.44540254 18.60040222 58.44540254 19.55040286 1 P 0
L 59.64540268 18.5254011 59.64540268 19.62540144 1 P 0
L 60.98739898 49.71759932 60.98739898 56.11760176 0 P 0
L 63.53240024 30.6949983 63.53240024 37.19500054 0 P 0
